Transformation matrices: 
STransG1
[[-1.000 0.000 0.000 123.308]
 [0.000 -1.000 0.000 -64.536]
 [0.000 0.000 1.000 -412.607]
 [0.000 0.000 0.000 1.000]]
STransG2
[[-1.000 0.000 0.000 352.930]
 [0.000 -1.000 0.000 -58.700]
 [0.000 0.000 1.000 -412.607]
 [0.000 0.000 0.000 1.000]]
STransG3
[[-1.000 0.000 0.000 106.669]
 [0.000 -1.000 0.000 27.720]
 [0.000 0.000 1.000 -412.607]
 [0.000 0.000 0.000 1.000]]
STransG4
[[-1.000 0.000 0.000 140.095]
 [0.000 -1.000 0.000 23.337]
 [0.000 0.000 1.000 -412.607]
 [0.000 0.000 0.000 1.000]]
STransG
[[-1.000 0.000 0.000 187.624]
 [0.000 -1.000 0.000 -22.950]
 [0.000 0.000 1.000 -412.607]
 [0.000 0.000 0.000 1.000]]
Screen Information: 
Width: 1920px, 309mm
Height: 1080px, 174mm
Webcam Information: 
Width: 1280px
Height: 720px
